IoU: 0.30824462
Cor: 0.10695673
